7811975
91182
90639
91013
91491
281935
91076
91009
288003
6427100
2662954
7286126
7812062
90738
90783
90829
90857
90976
90984
90566
90710
7812197
90544
2417247
91283
91284
91148
91525
90594
166068
278373
90633
90490
91259
4983619
267389
267388
91088
91100
242704
191211
90796
90598
90589
198118
90579
91610
90575
91020
979262
90555
7811877
4954975
7877999
90613
91650
91019
91689
91727
237420
605794
90756
90805
91611
7811895
91441
7812191
7815003
91522
91616
90548
90595
191219
90581
308016
90720
91618
4165204
543487
91107
91033
90599
294661
1596792
91657
91524
90580
90577
6269371
7070735
765280
90578
91161
91052
90568
91529
396900
90521
6368403
91031
7811873
7811901
6159024
90402
90404
90569
90560
91032
91027
723087
1003093
6202206
7812011
91463
91461
6509282
7877876
8459810
90868
91484
91764
91805
7812048
723088
90636
91334
91163
1003105
90629
1005910
91464
90554
90564
90586
818965
237418
91082
7814995
138608
90617
90635
91519
734595
91662
90748
2724669
91011
8264452
433018
91651
90584
198119
4976480
91122
226665
91244
10470548
90999
90600
966984
7286125
7812153
7811879
7811894
90590
90563
431294
432027
763583
7776182
7811956
7811959
7812091
7812106
7814990
7814997
7811955
7811957
7815001
7920674
7814999
7811946
7814991
7812099
7811944
7811891
7811896
7811943
7811947
7811960
7811961
7811968
7811995
7812009
7812053
7814998
7815020
7920671
8495423
157204
6101485
90574
90675
90602
90607
278374
922553
191214
818945
91573
90408
7811903
7811904
7814994
91168
4317343
418706
91140
91028
91105
6290268
90637
91112
91243
90516
91139
91144
91535
7814955
818863
91498
7812151
7812167
4748057
7811945
7812120
7811892
91157
90668
91768
4869590
8439680
null
91129
91248
4684839
90401
91167
91042
91035
90619
91137
187621
6202223
7811881
7811898
8268516
226667
91635
91640
477533
90881
91153
638259
7814989
1569931
90561
10604398
90403
90543
91658
90591
4684840
989041
512743
6126496
91214
91637
90876
91018
7683962
857707
4976530
91117
91642
90616
1011850
7811907
90764
989026
411498
411500
91634
1009484
7811899
91609
7812201
995785
3465066
434515
91540
90582
91701
90462
91083
NaN
91012
6042233
7813036
90549
7811909
91520
90498
8353924
6179129
989040
91282
90463
90673
91465
7815004
90469
91176
7812161
7811897
90567
90601
91095
91470
90908
119747
8268550
7815016
90418
763072
90474
1564516
599239
7812184
91029
8439689
90588
7330337
90666
90692
90719
253785
7812037
90938
90592
1031249
7812149
91039
6430985
91497
7683824
90587
91138
91304
818955
4722523
477439
7815007
91184
7970569
157203
7869470
7928576
91499
91518
91720
91687
7811902
7812200
7812158
7812186
7286160
90916
5017502
8268515
9283442
91577
7683845
542020
90559
454910
6448451
280288
90942
989023
7812058
986210
7811969
90461
90717
91726
90795
1003092
90680
989028
7811911
7869901
8228778
90801
91242
91249
267396
454909
91373
91517
922144
5017483
91572
91146
7812205
7812196
8475961
7812193
6290261
7815028
7826425
7815018
7959699
8455487
90851
7812006
7815011
91159
277646
90799
7286147
7811923
90676
981268
5110759
6280628
5081621
284394
7812847
91512
91523
7811953
7920675
90417
91216
6119048
90934
90565
179658
6374360
91074
91245
91579
90603
90625
1031246
7812060
281429
91070
90436
7812173
7811915
7811933
7811912
7811925
2501051
280280
7878040
91709
91664
6101499
6430986
7717599
1618974
91649
90499
90923
278423
91630
91543
90703
8439702
91578
90925
241436
469108
5048602
90508
91503
90435
91514
91597
90438
8492543
90443
91516
242701
8429451
987827
7812119
488061
469547
6426960
6426981
91704
6085780
91521
8439681
8439682
8439686
7812145
90800
90740
7815032
90471
91767
90610
7812146
7812131
90914
90551
8468823
7812207
90672
7296416
267390
9272718
987142
90570
91392
91072
91733
294650
459013
242699
7811938
7815035
8495415
7815026
281428
8476097
91135
91113
4547637
90684
91625
91705
7811908
91580
6169260
91763
7812168
7815015
91638
6144238
950505
215930
90465
90497
91268
7812163
193483
90967
7683675
5087177
7812212
4854152
7812198
7815017
8480735
8480752
2134462
6137830
91700
90991
91230
10606704
91046
397037
90735
90813
90510
90824
278345
90708
91608
6504964
7811948
90697
7286537
6447566
90721
90793
7812139
7940844
6290276
6516122
91209
7812081
91633
152689
6856242
7775900
1558993
90679
1558956
710359
7798524
91037
91126
986216
7812175
7812071
6519706
90931
91136
8439696
8439697
119740
7308012
8476103
1626816
90682
1009492
90534
91510
4943489
90701
434516
90681
90955
7812188
7812056
8268538
289010
4955914
599235
90478
90762
91502
6496700
91803
294646
7812059
1037332
7815038
8276630
90953
90971
90890
91116
5016413
90802
91801
1009486
278341
658841
90713
91183
989024
90545
91736
8475955
6499811
90927
90538
396902
91527
989032
91526
91589
91590
91273
91655
91030
90546
91034
4981541
7812156
7812192
6206018
10505381
1001664
6449481
982418
8475455
8439684
8476440
91219
91532
6470214
1564519
1005898
5090309
281934
294648
91096
91654
6202209
278372
8269836
7683844
8475445
9281831
9281832
7812187
90855
6498837
233108
6496840
605891
91197
989035
989042
8367360
961226
6397180
90455
90459
7878919
7814992
7152189
1003094
6119006
90694
944108
7812043
267393
90933
1001393
91734
4951525
90693
91198
10382050
278420
8260833
396898
278340
6430983
6439643
7815023
7815034
90678
1009489
186461
6038874
7811935
7811900
7811905
7958375
7940840
91528
7287567
8465735
766160
7811930
90572
90611
90723
599244
7791092
91511
91468
91469
8476110
90437
90439
90444
1626823
91766
90970
6206932
1568900
278335
278342
470165
6858863
91279
91294
989939
90722
6203660
90513
6122737
90457
90470
7812015
90450
4852781
90409
4992497
6178769
90453
undefined
90828
986205
984940
994004
91804
7812108
7812211
658844
529119
91324
90860
989027
5037939
90867
10599873
6206931
91735
989394
7719197
90954
396901
6203656
91619
989393
995787
91685
989045
90670
90606
240865
91077
7815002
90709
90711
90537
2190938
7812075
7857072
91614
989049
4852774
289014
4953551
7748460
7812073
997520
10498025
6374322
226666
91548
8478868
995919
91196
7812157
1618979
90937
7812019
91102
8477294
8477297
7812177
8276629
8439683
8439685
8476492
8476495
8476496
8477296
8479293
9281830
7812152
989179
6143502
91714
6127700
10604359
7355200
1039107
989044
90806
90893
658855
8475541
5057750
8476099
267397
6038878
91661
91130
91802
90700
267392
267394
6979619
90864
90451
8480737
7812906
7959700
989036
543488
930336
6504970
8468853
179659
7940846
91530
91591
90456
91156
9335976
6290266
91666
4748062
91645
91708
90589РєР»Р°СЃСЃ
7076558
7811906
926632
91636
90477
90479
91098
7815000
8475933
90704
1009483
91599
91674
91676
1006243
278351
90509
947109
91697
90687
240123
91306
2212983
7683820
90608
90990
90627
91007
91040
91128
6268030
91016
91063
91068
91145
90488
8480738
187622
91533
1005463
6480508
6137834
7812077
766157
7940843
90432
91147
90787
91612
6203658
4748076
1006244
1005465
90505
90506
119743
119745
433969
433970
10434122
91592
90597
91724
7312341
241435
4748064
91728
4748066
90482
383119
91777
91707
91299
6187119
91699
5049591
7815045
91660
6426911
7812909
10604386
857712
10607801
7330336
91307
91359
294652
91051
91206
6069353
91199
7815012
7811919
179660
90547
91774
7969496
987260
6521184
91682
91094
7812076
91177
10590810
91622
4967968
5000964
7339056
8480712
91667
4767715
8478952
7811950
4748078
7920677
91291
278339
8231633
90573
8278683
8355357
7812085
7812116
7812181
294653
90685
90804
294647
91317
91629
278429
294645
6944162
231267
7812170
91071
91073
4854062
91174
4852773
90533
923906
7812178
8475381
8475542
91201
7707222
91079
91628
91617
90669
186460
7812208
7812210
7920819
1009490
91247
90920
6202341
763070
90626
7692671
91723
278370
1009481
8269840
7879652
91080
8475959
90539
90517
90886
283662
90854
1030275
9331719
396899
285249
90741
91776
7815022
90571
91632
4953538
4949780
7812020
91186
90429
91639
91718
294644
90743
90960
142665
142666
91719
10616944
91298
10576630
7812067
906434
91239
91531
90615
91398
91403
90671
91569
7812164
91587
278344
91626
6517808
7812097
4965874
179657
5090501
90702
8268549
91399
6203657
7847756
4767716
91663
91173
6229787
7847755
91354
936950
989030
989050
91670
7811940
7815041
943673
10484476
961224
8439701
7683677
1044945
91541
90943
91002
91504
90945
281933
91471
91507
138608#e9b
138608#e9btp70nmi70cv
90594#e9b
90594#Kv7bm1m3sd9s
90639#e9b
90639#HD-zmn8v0
90639#X9vfmdv1q
90564#e9b
90564#e9btbx1s7wmnd9av
90564#e9btpwmna9
90796#e9b
90796#qskvd9j8t7a1v2xcvd95
6847580
91069
91472
91500
5000962
4748058
90941
91534
936953
6433382
91217
995924
7683906
671243
7718435
90915
91772
90904
989029
90540
90690
6275587
6334304
7959727
91730
4540980
90452
6144280
6290273
6296079
638258
90550
91455
6101352
91075
6137838
7774364
469553
8444295
91765
90751
1009487
8475444
8477444
7920715
6426987
91305
91267
10477020
90445
7812190
8276627
8480722
966823
289013
8257358
4827843
280704
8440316
90932
987834
8439688
8477412
8477413
90978
7811966
989021
90485
7848519
91151
8351842
7811949
90440
6374342
10604368
1626819
638257
91303
658794
91621
91647
995922
91000
7812102
91271
91440
278350
90407
289012
8475364
8477403
8477406
8479182
989037
90714
90975
7766179
90712
8476116
8439695
91229
7918951
91779
9383793
91539
90716
10477017
226668
6169283
6196807
6391089
6943877
91604
91698
91796
7815024
7812079
7815019
91344
7776143
4865109
4874056
91218
90531
10562873
4854063
90614
8476101
91690
91694
7812078
90861
191213
90729
90753
 226667
308025
6206045
90863
8476542
91566
7309648
10613523
90968
91656
90725
294649
91641
91807
91613
6137829
91293
4630568
6137831
90872
90987
90996
91205
6858918
90994
8477293
91223
6395084
7815029
90965
90980
91015
6139445
91108
91501
7812103
90480
91089
90442
90728
91593
91085
7815036
5065316
91107http://market.yandex.ru/model.xml?modelid=2212950
763751
1626886
7815030
90853
281938
7812845
7812199
91769
1618982
91712
9281833
8258814
7915959
8308788
191217
8475544
7815031
91605
90726
90530
91672
91132
90847
4748061
9101315:46:03
91679
91675
1009493
90979
6527203
91586
7962984
7812087
418700
1009491
8478954
10613544
91693
90472
90475
91337
90489
90428
90431
8480725
7811928
91049
10470551
91695
6269371/
4017798
90894
90821
10510546
6278685
91208
90686
4953547
6126526
91678
8439700
7812074
90441
90447
7959202
90434
8476102
1565820
966040
90689
7811954
6411795
90706
91202
908420
91615
90667
91671
90430
91677
90468
91211
91770
8510882
7812848
90819
8476539
91141
90752
8475840
4967967
989034
91475
6275563
7812065
6091783
91732
6206027
91297
90707
4953550
90983
91326
90541
987235
91246
119742
4748074
90727
8476098
240126
281423
91302
91231
6374341
818944
411499
7892280
91631
91546
418705
287232
8475543
8477292
6137839
90909
90907
4967999
91213
90905
90906
7146548
90919
8510396
7354230
222039
91133
8475540
7746671
7330340
90705
91207
91078
91508
599234
8476497
8476541
8479239
995921
8264455
91028/
240117
90803
10530882
91203
989022
91725
2134459
4922995
90528
6235521
90856
90870
90924
5013720
989395
90989
90880
90946
91003
91005
7812052
7812113
481644
6439639
91091
90731
10616638
90949
91340
91598
4929133
8264460
280638
91627
1565814
7812032
8475370
8518088
6290278
233086
91549
91241
278353
5017501
91410
91717
8439699
7757500
90950
90820
469554
469549
91710
7869391
278347
91335
91341
6290262
7812070
90859
91665
90962
91325
6290384
91333
6290267
186457
989043
989038
157205
90874
766167
91104
91031.
90939
1564517
278428
237421
91806
5047118
91/ru-BY
91/ru-KZ
91/ru-UA
90 548
995918
658853
6137840
278421
90688
90486
90797
10563370
8268558
90742
7812611
7811972
8475537
8479320
8439765
8479258
418704
8439703
6527202
91148.
6374343
91092
91093
91131
91600
91808
90464
383118
91090
599236
277645
454690
90877
7774309
734595/
5151017
90460
418702
90883
989031
90807
542558
287231
8349164
281936
278349
7718838
1016150
989025
1009485
10434497
7812189
91235
989392
91295
7812742
91315
4748072
7811934
91236
8479267
418703
91234
7909878
91703
7812095
7812092
6955151
91574
7920719
961222
90899
91431
90963
91491clid=523
7815021
7815040
7812093
8476441
1044958
90897
91575
7940839
1016160
90639,
91004
8475538
90871
7766764
91427
8475545
91594
91595
91596
90809
7850948
294642
91345
7857075
8476490
4922764
5081622
90535
91702
90746
7920714
91713
90947
90957
9
91425
4640511
91210
7962992
6206161
4992522
984941
7812908
91346
91414
278427
90754
7079950
469555
6290271
267395
278430
5099297
91423
90830
2561869
8479255
90594/
90988
91408
8439698
995786
91350
91800
1567555
10477022
90747
1558955
470164
995923
950500
294675
90467
950501
950502
950504
90522
8480724
91352
6427100/
1009482
8475463
90481
8480754
280637
280640
91328
91329
91331
91вЂ‹491
8468855
4953546
90691
91338
119744
8479220
119741
281939
90745
7857073
90973
7962996
10541477
10553774
90891
91309
91382
90977
90928
278424
8476100
6077297
91311
8268553
90808
91643
119851
90639пїј
9149
90981
253786
91172
7850950
8480736
90888
90446
278352
8478945
90715
6449488
7774311
91491MSSQLAndDotNet
2417244
2417250
91031 РёР»Рё http://market.yandex.ru/model.xml?modelid=8232101
91648
90985
9103
962425
91321
937599
6368402
91715
90966
10616942
8475536
91607
982439
419820
835...er=8464875:8000
90518
6202441
6430984
906437
90523
186456
91224
1626822
1039394
7812022
90982
995914
90617Р’РѕС‚
4640526
4922657
90918
90986
90993
284048
7331258
 7815023
90912
91013>>356306
631880
90532
64271001
91031-
90882
4957426
10616940
91809
91644
278348
1565817
766164
91646
857
90483
1006245
961223
1006240
1016151
1016153
1564518
418701
7851706
7851711
1564488
4976339
90952
5090510
8477411
278346
8442711
10613554
191215
6427100#tab=grades
469556
91221
7812851
6202440
91412
91588
90514
91374
91376
91377
90852
91529  4900 руб рам компакт колеса 20
119716
119746
90433
90618
91259,Р°
91259,РЅРѕ
90936
91212
90524
90512
90536
90525
91400
418698
1040223
599237
7958376
287230
91419
6427100a
242705
914jm,91
10446086
7812586
90858
186459
91019-VIS=70-CAT_ID=651600-EXC=1-PG=10
91686
10595701
7265976
91558
91296
91391
90848
91310
90889
8477298
469560
995920
7302697
7960770
91292
906430
5057803
91227
91013.
911047
91028http://
90911
91602
91576
8480713
91349
91327
9061
7718987
7956976
7979548
7982267
8368045
91332
6138133
90935
5105924
72308
7230888
90744
91550
91562
91491#A-GPS
91491#Bluetooth
91491#Dm0mav8snv
91491#Dpdao95tws7bnmcm2dmitjvn52a9
91491#DVB-H
91491#e9b
91491#e9bt7sd7mndmfmt4anvdv
91491#e9btSIM-avn0x
91491#EDGE
91491#eG-0edsntovdv1mfmcxip
91491#es1szmdt215tbm391xkt1e2si
91491#FM-0nvd78900sn
91491#GPRS
91491#GSMt1900
91491#GSMt900
91491#Gxkm2tdvtdvpgd9a9
91491#Hc0m8v096s7a9itbmcmnm0t4anvdvtova7s1snm8s0np
91491#Hc0mzmap79nmcav
91491#HSPAa
91491#HTML
91491#Jm22sn3avtAAC
91491#Jnmos77mn
91491#Kp79z9avo95
91491#Kv29mbn9r8d9a
91491#Kv7bmjdvcvd9st19ov
91491#Kvjls8t215tcdsgdsitvd0sddx
91491#Kvjnsgsd9st4anvdvtbmtcsn09av19
91491#Kvjnsgsd9stbn9tc92sm7ls8asyt8va7
91491#LTE
91491#Lwls8tc70nmsddmitbv8509
91491#Lwls8tmbsnv09cdmitbv8509
91491#M0snsm29dv89a9
91491#M0vd2vn0tBluetooth
91491#M0vd2vn0tCDMAt1900
91491#M0vd2vn0tCDMAt450
91491#M1m0t215tavn0xtbv8509
91491#M8sddxstbvds19
91491#MMS
91491#MP3-bnm9fnxcv0s1q
91491#Pcpamcmit0vi8sn
91491#POPtutSMTP-a19sd0
91491#Push-To-Talk
91491#Pvn52avtm0tUSB
91491#qv0sn9v1tamnbp7v
91491#QWERTY-a1vc9v0pnv
91491#Rm196s70cmt52sntbnmos77mnv
91491#Rm196s70cmt8sfvb9a7s1mctzm0mav8snx
91491#Rm196s70cmt8sfvb9a7s1mctznmd0v1qdmitav8snx
91491#T8am70qtvaap8p150mnv
91491#TV-cxkm2
91491#Um1m7mcmitdvwmn
91491#Unm8av5t7c5jq
91491#USB-host
91491#wd0snzsi7tRS232
91491#Wi-Fi
91491#Wi-FitDirect
91491#X9a0mzmd
91491#Yvc9fvo9mddv5ta1vc9gv
6427100#A-GPS
6427100#Bluetooth
6427100#e9bt7sd7mndmfmt4anvdv
6427100#eskdm1mf95t9jfm0mc1sd95t4anvdv
6427100#FM-0edsn
6427100#G70nmsddxit29dv89a
6427100#G70nmsddxit89anmzmd
6427100#G92smbnmos77mn
6427100#Gkm2t89anmzmddxi
6427100#Gns85tnvwm0x
6427100#GPS
6427100#Gsn795tBluetooth
6427100#Gxkm2tvp29mudvpgd9a9
6427100#Ha7s1snm8s0n
6427100#Hc0m8v096s7av5tmn9sd0vo95t4anvdv
6427100#Hc0mzmap7
6427100#Jm22sn3avt3G
6427100#Jm22sn3avtAAC
6427100#Jm22sn3avtAppletLossless
6427100#Jm22sn3avtavn0tbv8509
6427100#Jm22sn3avtDLNA
6427100#Jm22sn3avtGPRS
6427100#Jm22sn3avtHSPAa
6427100#Jm22sn3avtHSUPA
6427100#Jm22sn3avtLTE
6427100#Jm22sn3avtM-JPEG
6427100#Jm22sn3avtMP4
6427100#Jm22sn3avtMPEG-4
6427100#Jm22sn3avtWAV
6427100#Jm22sn3avtWiMAX
6427100#Jm2a1e6sd9stat0s1sc9jmnpu8md90mnp
6427100#Jm2a1e6sd9statam8bqe0snptbmtUSB
6427100#Jnmos77mnu69b7s0
6427100#Jnmz91qtA2DP
6427100#Kvj8snt4anvdv
6427100#Kvj8sntc70nmsddmitbv8509
6427100#Kvjls8t215t2ma-70vdo99
6427100#Lbsnvo9mddv5t7970s8v
6427100#M0vd2vn0tWi-Fi
6427100#N971mtb9a7s1mctdvt2ei8
6427100#NFC
6427100#Nv70m0vtbnmos77mnv
6427100#Pvn52avtm0tUSB
6427100#qp1q090v6-4anvd
6427100#qv0sn9v1tamnbp7v
6427100#Rm196s70cmt8sfvb9a7s1mct0x1mcmitav8snx
6427100#Rm196s70cmt8sfvb9a7s1mctznmd0v1qdmitav8snx
6427100#Rm8b1sa0vo95
6427100#T8am70qtvaap8p150mnv
6427100#U9nm7amb
6427100#UZLYHMM
6427100#Wi-Fi
1016152
280641
91290
6268029
91397
90917
90898
278425
90580ttp://market.yandex.ru/model.xml?modelid=7710016
7690972
7892498
7893631
7929049
7951695
7959684
8365126
8464225
1336776
90458
-BPOS=0
-BPOS=20
-BPOS=80
2704011
4702171
4853446
5117545
6103150
7080750
7888326
4865100
91771
91563
91565
904381
9 ... lid=974186
91404
7277280
7850114
7941254
7941255
90884
10470556
90895
7812843
989391
90878
91421
1005464
278426
90569.
8477407
90892
9152
 7812037
91008
16734
97361
8476491
8477295
91529.
91438
91529РІРѕ
91308
91417
8
1661978
91491. РџРѕРєР° РІСЃРµ РЅСЂР°РІРёС‚СЃСЏ
91420
995915
90519
10469630
6120841
91491,
91013)
90639.
91339
153596
91537
91581
90997
1040225
191218
8479269
1009488
90822
90763
91491?РїР·РІ
33050
35636
39807
50849
72674
80524
94929
97173
910132
90559,
91384
91389
90613,
90555url
90846
90969
90869
91342
91020"]Gigabyte ga-890gpa-ud3h rev 2.1
1573474
91013,
90958
8476439
90956
-BPOS=10
6137761
7306466
7334383
91148/
928
9281834
91319
818965Р“
91020СЌС‚
6427100).
90834
91401
4698203
5104890
7808293
91006
90845
4811996
4865097
91491#Dmdvn9a
91491#E2vnmbnm6dxitamnbp7
91491#E70mi69cmstatovnvb9dv8t70sa1m
91491#e9btamnbp7v
91491#e9btc7bxga9
91491#G70nmsddv5tc7bxgav
91491#G9wnmjcmdma
91491#Gm2mjvh90v
91491#Gns85tm392vd95
91491#Gns85tnvjfmcmnv
91491#Gns85tnvwm0xtctns398stbnm71pg9cvd95t8pjxa9
91491#GPS-8m2p1q
91491#Gs7
91491#GSMt1800
91491#Hc0m2mjcmd
91491#HSDPA
91491#HSUPA
91491#J1v0zmn8v
91491#Java-bn91m3sd95
91491#Jm22sn3avt29vbvjmdmctLTE
91491#Jm22sn3avtDLNA
91491#Jm22sn3avtWAV
91491#Jm97atbmtad93as
91491#Kvjnsgsd9stzm0mav8snx
91491#Lbsnvo9mddv5t7970s8v
91491#Lnfvdvijsnuav1sd2vnq
91491#M0vd2vn0tCDMAt800
91491#M9dknmd9jvo95t7tam8bqe0snm8
91491#MobiletTracker
91491#MP3-8s1m299
91491#Multitouch
91491#N971mtb9a7s1sitdvt2ei8
91491#NFC
91491#Nv70m0vtav2nmctbn9tc92sm7ls8asyt8va7
91491#Nv70m0vtbnmos77mnv
91491#Rm196s70cmt8sfvb9a7s1sitzm0mav8snx
91491#Rm196s70cmt8sfvb9a7s1sitznmd0v1qdmitav8snx
91491#Rm196s70cmtSIM-avn0
91491#Rnsb1sd9stvaap8p150mnv
91491#Rv1qap150mn
91491#tvnm8s0n
91491#Um1m7mcmstpbnvc1sd9s
91491#USB-hostuOTG
91491#UZLYHMM
91491#Wcs0dmit2mbm1d90s1qdxit4anvd
91491#Wcs0dmit4anvd
91491#wd0snzsi7tUSB
91491#wdznvanv7dxitbmn0toIRDAp
91491#wfnx
91491#WiMAX
91491#X3mi709a
91491#X9vfmdv1qt4anvdv
91491#Xcp70mnmdd9it4anvd
91491#Xcvt4anvdv
91491#Xv069at7690xcvd95tm0bs6v0avtbv1qov
91491#Xv069atbn9w193sd95
91491#Xv069atm7cshsddm709
91379
8479199
90555#Bluetooth
90555#Dmn8vtnvjls8v
90555#E219d90s1qdxitavws1qtctam8b1sa0s
90555#e9btansb1sd95
90555#e9btavws15
90555#e9btbm2a1e6sd95
90555#e9btdvpgd9amc
90555#e9btvap7096s7amfmtmzmn81sd95
90555#eavdscv5tmb1s0av
90555#G90mitgdpn
90555#G92tdvpgd9amc
90555#Gkm2t5.1CH
90555#Gm2m70mia9itamnbp7
90555#Gs7
90555#H2vb0snt215t7v8m1s0v
90555#Idpnt9jtws7a971mnm2dmit8s29
90555#Jmjm1m6sddxstnvjls8x
90555#Jsnskm2d9at2.5t88tctam8b1sa0s
90555#Jsnskm2d9at6.3t88tctam8b1sa0s
90555#Ksfp150mntfnm8am709
90555#Kvjlr8
90555#L07ms29d5s8xitavws1q
90555#M8sddxstbvds19
90555#M8sddxstv8wpgenx
90555#M970s8vtva09cdmfmtgp8mbm2vc1sd95
90555#Ma1v2dv5tamd70npao95
90555#Npc70c90s1qdm70q
90555#Nskm1uzp015ntctam8b1sa0s
90555#PcpatSurround
90555#q9anmzmd
90555#q9d98v1qdv5tcm7bnm9jcm298v5t6v70m0v
90555#qva798v1qdv5t8mhdm70q
90555#qva798v1qdv5tcm7bnm9jcm298v5t6v70m0v
90555#Rm196s70cmt9j1p6v0s1si
90555#Rm196s70cmtbvnt78sddxktv8wpgenmctctam8b1sa0s
90555#w8bs2vd7
90555#W9znmcmitamva79v1qdxitckm2
90555#W9znmcmitmb096s7a9itckm2
90555#W9znmcv5tbsns2v6vt79fdv1v
90555#wjm15o95tm0tcdsgdsfmtgp8v
90555#X19dvtavws15
90555#X9v8s0nt8s8wnvdx
90555#Ys70vd2vn0dxit29jvid
90555#Ysm298mcxst8vfd90x
90555#Z9dsidxitcxkm2
90901
90449
418706Р°
91424
90613СЌ
91052.
308016-BPOS=100
308016-BPOS=10
308016-BPOS=110
308016-BPOS=120
308016-BPOS=130
308016-BPOS=140
308016-BPOS=150
308016-BPOS=20
308016-BPOS=30
308016-BPOS=40
308016-BPOS=60
308016-BPOS=70
308016-BPOS=80
308016-BPOS=90
1001410
8475546
6427100ъ
8577...08
-BPOS=60
91161[preview]
8439705
91013\\x-*\\x/(\\x/0\\x/(\\x/ \\x/  \\x/-\\x.0\\x/!\\x/(\\x/0\\x.0\\x/%\\x0" \\x0!\\x/.\\x/.\\x/!\\x0)\\x/%\\x/-\\x/(\\x/%..
 8495423
91387
91107clid=502
91237
91538
91413
91031  РќРѕРјРµСЂ РѕР±СЉСЏРІР»РµРЅРёСЏ: 137408953
6489422
9059
91411
90561/
626937
91390
90577#e9b
90577#e9btdvfnscv0s1qdmfmt41s8sd0v
90577#Ebnvc1sd9s
90577#Ec1v3d90s1q
90577#Efm1tbmcmnm0v
90577#esn8m70v0
90577#evi8sn
90577#G1vfmjvh90dxitamnbp7
90577#Gsd09150mn
90577#Gsd0915o95twsjtdvfnscv
90577#Gxa1e6v0s1qt7mt7cs0mcx8t9d29av0mnm8
90577#J1mhv2qtmwmfnscv
90577#Jm0m1m6dxit8md0v3
90577#Jmcmnm0tamnbp7v
90577#Jp1q0tXE
90577#Jx1scmitz91q0n
90577#Kp6avt215tbsns8shsd95
90577#Ks398tbnmfnv889nmcvd95
90577#Ksfp19nmcavt0s8bsnv0pnx
90577#L02s1sd9st215tgdpnv
90577#L07nm6avt70vn0v
90577#L0a1e6sd9stbn9tbsnsfnscs
90577#L0a1e6sd9stbn9tmbnma92xcvd99
90577#Pvh90vtm0t8mnmjv
90577#qmhdm70qtmwmfnscv
90577#qva798v1qdmstcns85tp70vdmca9t0vi8snv
90577#Rm1s7vt215tbsns8shsd95
90577#Rv89ddxit4zzsa0
90577#wmd9jv0mn
90577#X97b1si
90577#Yv70sddxit8md0v3
90577#Yvbm1qdv5tp70vdmcav
90577#Yvbn53sd9s
1573146
90887
1564492
91491(не
3D90555
9114
91692
90564.
90578-257
138608,
91033http://market.yandex.ru/model.xml?text=Western Digital 500GB WD5000AAKX
90/ru-BY
90/ru-KZ
90/ru-UA
91529?
91148,
91564
8439706
7693914
91415
308016;
91778
226665-BPOS=10
226665-BPOS=20
226665-BPOS=30
226665-BPOS=40
226665-BPOS=50
226665-BPOS=60
226665-BPOS=70
226665-BPOS=80
226665-BPOS=90
90639 Philips 22 PFL4208T
723088rf
-BPOS=480
-BPOS=90
-BPOS=130
6849197
4954975http://market.yandex.ru/model-spec.xml?modelid=9280780
91314
7848170
9040...008273
90570,
9 ... 1
64
91434
948265
8479233
6135303
6195249
91013'
723088.
91033.
6301260
6301266
6447704
6980225
6986969
7740309
7846878
7867946
7890185
7950564
8306945
8464536
8475247
1606287
91553
90566#E70vdmcav
90566#E70vdmcavtcns8sd9tjvcsngsd95t709na9
90566#e9bt297b1s5
90566#e9btjvfnpja9
90566#e9btjvh90xtm0tbnm0s6sa
90566#e9btpbnvc1sd95
90566#Gx7m0v
90566#Gxwmnt0s8bsnv0pnxt709na9
90566#Gxwmnt7amnm709tm0398v
90566#Ha09cv0mndv5
90566#I9n9dv
90566#Jm0nsw15s8v5t4dsnf95
90566#Jm1mc9ddv5tjvfnpjav
90566#Jm27cs0avt297b1s5
90566#Jn58mitcbnx7a
90566#Jnmfnv88vt709na9t2s07a9ktcshsi
90566#Jnmfnv88vt709na9t2s19av0dxkt0avdsi
90566#Jnmfnv88vt709na9tgsn709
90566#Jnmfnv88vtm08sdxtm0398v
90566#Jnmfnv88vtp2v1sd95tb50sd
90566#Jns2cvn90s1qdv5t709nav
90566#Jpjxnqamcv5t709nav
90566#Kv7km2tcm2xtjvt709nap
90566#L01m3sddxit70vn0
90566#L0anx09st1eavtdvt180tfnv2p7mc
90566#L7cshsd9stwvnvwvdv
90566#M09navtctwm1qgm8tam196s70cstcm2x
90566#M9fdv1tmamd6vd95t709na9
90566#Mls8dv5tcsnkd55tanxgav
90566#Mpgav
90566#Msd7mndxit297b1si
90566#Pvfnpjavtws1q5
90566#Pvh90vtm0t2s0si
90566#Pvh90vtm0t7av6amctb90vd95
90566#Pvh90vtm0tbnm0s6sa
90566#qv0sn9v1twvav
90566#R1v77t709na9
90566#R1v77tbm0nsw1sd95t4dsnf99
90566#R1v77tm0398v
90566#Rmd0nm1qtjvtpnmcds8tbsdx
90566#Rmd0nm1qtwv1vd7v
90566#U1pw9dv
90566#Va7bns77-709nav
90566#wd0s11sa0pv1qdmstpbnvc1sd9st709nami
90566#X97b1si
90566#X9v8s0ntjvfnpjm6dmfmt1eav
90566#Xmbm1d90s1qdmstbm1m7avd9s
995916
2139789353
6427100delid=7845393
90613.
91430
10616651
10616664
9165
91491.
7694168
7915625
90527
7815043
4165204,у
91435
5085669
153597
6120838
91436
91385
91491Сѓ
10616671
237418?modelid=6038905
90639?modelid=7281702
91491?modelid=7843166
90639?modelid=7948776
90584?modelid=8252542
91491?modelid=8454852
91491?modelid=8454904
90566?modelid=8464412
6427100?modelid=8485573
91491?modelid=9268453
91491?modelid=9328669
91491?modelid=9370112
90555)
1634514
90873
90404. 2500
90520
91775
7797084
914914
91606
5090498
90490\\
90515
8475539
975896
9105
90577-BPOS=100
90577-BPOS=10
90577-BPOS=110
90577-BPOS=130
90577-BPOS=140
90577-BPOS=30
90577-BPOS=40
90577-BPOS=50
90577-BPOS=60
90577-BPOS=70
90577-BPOS=80
90577-BPOS=90
91052-
4865101
90900
91318
90849
91603
72<b></b>3087
90404),
90554,
91381
91422
91491//url
989033
512743\n
91200
1573143
91031 РµРєР°С‚РµСЂРёРЅР±СѓСЂРі
91013 РёР»Рё РІРѕС‚, С‚РѕР»СЊРєРѕ РІ С‡РµРј СЂР°Р·РЅРёС†Р° РЅРµ РїРѕР№РјСѓ
1558954
91491/
10614955
-1
5090505
90862
91204
91491СЏ
90972
0
191211/url
2142570021
91491Рё
90959
947455
90921
91226
734595.
91416
1574691
7812184СЏ1СЏ1СЏ1СЏСЏ11СЏС‡СЏС‡СЏС‡СЏСЏР§
91388
90995
91418
91013vk.com/audio
91013только у него видяха должна быть сдвоенная, почему не написанно
91432
1037330
91330
90910
10545090
91033Р°
90490)
91
91439
6427100РІРѕР№
91312
652160
7336656
6427100.
90875
91529/url
294661) -
35447
49680
91601
99777
91409
90578,
90929
91491Попробуй
91491В 
91556
91031x.ru/model.xml?modelid=9366605
91375
1028163
1607520
1607757
1607767
1635025
6427023
7078717
91122,http:
91117  (
90589,
914.tidy.-1.json
906.tidy.-1.json
3080.tidy.-1.json
62693.tidy.-1.json
90595Samsung
91521/model.xml?modelid=7350773
723088РІРѕС‚
91786
90578http://market.yandex.ru/model.xml?modelid=7158402
6057444
90560)
90544-BPOS=0
90544-BPOS=100
90544-BPOS=10
90544-BPOS=110
90544-BPOS=120
90544-BPOS=130
90544-BPOS=140
90544-BPOS=150
90544-BPOS=20
90544-BPOS=30
90544-BPOS=40
90544-BPOS=50
90544-BPOS=60
90544-BPOS=70
90544-BPOS=80
90544-BPOS=90
91491http://
90490,
90404/
6457526
982003
982004
982009
982200
982205
982209
9040
90560.
6269371,без
